103780 0 10195 0 0
36908 0 77067 0 0
34660 0 79315 0 0
34575 0 79400 0 0
34540 10195 69240 0 0
34520 77023 2388 0 44
34508 78869 152 0 446
34421 78534 154 0 866
34384 78160 156 0 1275
34368 77638 152 127 1690
34359 75481 149 1877 2109
34355 71215 66 5829 2510
34353 64819 31 11899 2873
34352 57436 16 18958 3213
34352 50407 7 25709 3500
34352 44885 3 30975 3760
34351 33456 2 42158 4008
34351 21012 1 54437 4174
34351 16963 1 58347 4313
34351 4237 1 70971 4415
34351 2970 0 72206 4448
34351 480 0 74658 4486
34351 156 0 74976 4492
34351 125 0 75005 4494
34351 99 0 75028 4497
34351 71 0 75056 4497
34351 57 0 75067 4500
34351 28 0 75095 4501
34351 14 0 75107 4503
34351 5 0 75116 4503
34351 3 0 75118 4503
34351 3 0 75118 4503
34351 1 0 75120 4503
34351 1 0 75120 4503
34351 1 0 75120 4503
34351 1 0 75120 4503
34351 0 0 75121 4503
