0 496 0 0 1997
0 1987 0 0 506
20 2015 0 0 458
496 1539 0 0 458
1976 48 11 0 458
1962 0 73 0 458
1903 0 132 0 458
1834 0 201 0 458
1758 0 272 5 458
1665 0 331 39 458
1513 0 391 131 458
1346 0 432 257 458
1162 0 475 398 458
987 0 523 525 458
809 0 571 655 458
562 0 597 876 458
302 0 625 1108 458
228 0 643 1164 458
36 0 655 1344 458
21 0 657 1357 458
2 0 657 1376 458
0 0 657 1378 458
0 0 657 1378 458
0 0 657 1378 458
0 0 657 1378 458
0 0 657 1378 458
0 0 657 1378 458
0 0 657 1378 458
0 0 657 1378 458
0 0 657 1378 458
0 0 657 1378 458
0 0 657 1378 458
0 0 657 1378 458
0 0 657 1378 458
0 0 657 1378 458
0 0 657 1378 458
0 0 657 1378 458
0 0 657 1378 458
0 0 657 1378 458
0 0 657 1378 458
0 0 657 1378 458
0 0 657 1378 458
0 0 657 1378 458
0 0 657 1378 458
